Raja2_S01, 
26/04/2013 10:39:56
Set #1

  TIME    TORQUE   POSITION    POS (ANAT)    VELOCITY
  mSec       N-M    Degrees      Degrees       DEG/SEC
     0       0.0      181.3          105         -1.8
    10      74.9      181.1          105         21.2
    20      77.0      180.7          104         59.1
    30      76.1      179.9          103        101.6
    40      81.1      178.7          102        130.1
    50     100.9      177.5          101        131.7
    60     123.9      176.3          100        121.6
    70     139.8      175.1           99        122.7
    80     149.7      173.8           97        123.2
    90     160.6      172.6           96        122.7
   100     174.9      171.4           95        122.7
   110     189.3      170.2           94        121.9
   120     203.5      168.9           92        124.3
   130     229.3      167.7           91        125.1
   140     225.2      166.4           90        124.3
   150     216.3      165.2           89        122.9
   160     212.1      164.0           88        121.3
   170     212.5      162.8           86        120.8
   180     217.9      161.6           85        120.8
   190     230.5      160.3           84        121.9
   200     244.6      159.1           83        122.7
   210     256.8      157.9           81        123.5
   220     264.0      156.6           80        123.5
   230     267.8      155.4           79        123.2
   240     270.5      154.2           78        121.9
   250     272.4      153.0           77        121.6
   260     273.1      151.8           75        121.6
   270     274.0      150.5           74        121.9
   280     277.0      149.3           73        121.9
   290     280.8      148.1           72        122.1
   300     285.6      146.9           70        122.1
   310     291.3      145.7           69        121.3
   320     296.6      144.4           68        121.3
   330     299.9      143.2           67        121.6
   340     302.0      142.0           66        121.3
   350     301.7      140.8           64        121.9
   360     301.3      139.6           63        121.9
   370     301.3      138.4           62        121.6
   380     301.8      137.1           61        121.1
   390     301.8      135.9           59        120.3
   400     300.6      134.7           58        120.5
   410     298.6      133.5           57        121.1
   420     296.6      132.3           56        120.8
   430     295.1      131.1           55        121.3
   440     294.0      129.9           53        121.3
   450     292.8      128.7           52        121.1
   460     290.5      127.5           51        120.0
   470     286.7      126.3           50        120.0
   480     281.6      125.1           49        119.8
   490     276.6      123.9           47        120.0
   500     272.6      122.7           46        120.0
   510     269.2      121.5           45        120.8
   520     265.9      120.3           44        120.5
   530     262.8      119.1           43        119.8
   540     257.0      117.9           41        119.2
   550     248.8      116.7           40        119.2
   560     240.4      115.5           39        119.8
   570     234.2      114.3           38        119.8
   580     229.0      113.1           37        120.0
   590     225.8      111.9           35        120.5
   600     223.2      110.7           34        120.3
   610     218.5      109.5           33        119.5
   620     211.3      108.3           32        119.0
   630     201.5      107.1           31        119.2
   640     190.5      105.9           29        119.2
   650     181.0      104.7           28        119.5
   660     175.2      103.5           27        119.8
   670     172.2      102.3           26        119.8
   680     171.4      101.1           25        119.8
   690     170.0       99.9           23        119.2
   700     166.0       98.7           22        119.8
   710     158.0       97.5           21        119.8
   720     148.6       96.3           20        120.0
   730     139.8       95.1           19        119.8
   740     132.8       93.9           17        119.8
   750     127.2       92.7           16        119.8
   760     123.5       91.5           15        119.2
   770     119.3       90.4           14        119.2
   780     114.4       89.2           13        119.0
   790     108.5       88.0           12        119.2
   800     101.2       86.8           10        119.0
   810      92.6       85.6            9        119.0
   820      83.7       84.4            8        118.7
   830      74.2       83.2            7        118.4
   840      63.9       82.0            6        117.9
   850      53.0       80.9            4        116.6
   860      41.5       79.7            3        114.7
   870      31.6       78.6            2        116.3
   880      23.1       77.8            1         81.9
   890     -26.0       77.1            1         57.7
   900     -45.4       76.6            0         51.6
   910     -71.3       76.2            0         31.1
   920     -95.3       76.1            0          2.3
   930     -62.2       76.3            0        -26.6
   940     -54.1       77.0            1        -66.8
   950     -33.8       78.0            2       -102.7
   960     -41.9       79.2            3       -107.2
   970     -77.3       80.5            4       -121.3
   980    -109.6       81.7            5       -123.2
   990    -111.2       82.9            6       -122.9
  1000    -140.3       84.2            8       -124.3
  1010    -153.2       85.4            9       -125.1
  1020    -148.2       86.6           10       -123.5
  1030    -131.4       87.9           11       -121.9
  1040    -115.7       89.1           13       -120.3
  1050    -116.2       90.3           14       -120.5
  1060    -132.6       91.5           15       -121.6
  1070    -148.5       92.7           16       -122.7
  1080    -155.1       93.9           17       -122.7
  1090    -153.0       95.2           19       -122.1
  1100    -145.2       96.4           20       -121.3
  1110    -139.1       97.6           21       -120.8
  1120    -139.0       98.8           22       -121.1
  1130    -144.1      100.0           24       -121.1
  1140    -148.3      101.2           25       -121.6
  1150    -149.8      102.4           26       -121.1
  1160    -147.0      103.6           27       -121.3
  1170    -142.4      104.9           28       -120.8
  1180    -139.5      106.1           30       -120.5
  1190    -139.7      107.3           31       -120.5
  1200    -142.5      108.5           32       -121.1
  1210    -145.2      109.7           33       -121.3
  1220    -145.1      110.9           34       -121.3
  1230    -142.7      112.1           36       -121.1
  1240    -139.3      113.3           37       -120.3
  1250    -137.4      114.5           38       -120.5
  1260    -138.6      115.7           39       -120.5
  1270    -141.6      116.9           40       -121.1
  1280    -144.5      118.2           42       -121.1
  1290    -145.2      119.4           43       -121.3
  1300    -143.5      120.6           44       -121.1
  1310    -141.3      121.8           45       -120.5
  1320    -139.7      123.0           47       -120.5
  1330    -139.8      124.2           48       -120.5
  1340    -140.3      125.4           49       -120.8
  1350    -141.6      126.6           50       -120.8
  1360    -141.7      127.8           51       -121.3
  1370    -141.3      129.0           53       -120.8
  1380    -140.3      130.3           54       -120.8
  1390    -139.1      131.5           55       -120.5
  1400    -138.3      132.7           56       -120.5
  1410    -137.9      133.9           57       -120.5
  1420    -137.8      135.1           59       -121.1
  1430    -137.6      136.3           60       -120.8
  1440    -137.1      137.5           61       -121.1
  1450    -136.0      138.7           62       -120.8
  1460    -135.1      139.9           63       -120.5
  1470    -133.6      141.1           65       -120.8
  1480    -132.9      142.3           66       -120.3
  1490    -132.2      143.5           67       -120.5
  1500    -132.2      144.7           68       -120.8
  1510    -132.9      146.0           70       -120.8
  1520    -132.2      147.2           71       -120.8
  1530    -131.0      148.4           72       -120.5
  1540    -128.5      149.6           73       -120.5
  1550    -126.7      150.8           74       -120.3
  1560    -126.0      152.0           76       -120.5
  1570    -126.5      153.2           77       -120.5
  1580    -126.8      154.4           78       -120.8
  1590    -126.4      155.6           79       -120.5
  1600    -124.9      156.8           80       -120.8
  1610    -123.0      158.0           82       -120.5
  1620    -121.0      159.2           83       -120.5
  1630    -120.0      160.4           84       -120.5
  1640    -118.8      161.6           85       -120.5
  1650    -117.7      162.9           86       -120.8
  1660    -116.5      164.1           88       -120.8
  1670    -113.9      165.3           89       -120.8
  1680    -110.5      166.5           90       -120.3
  1690    -106.7      167.7           91       -120.3
  1700    -102.8      168.9           92       -120.0
  1710     -98.6      170.1           94       -120.3
  1720     -94.6      171.3           95       -120.3
  1730     -89.9      172.5           96       -120.3
  1740     -85.2      173.7           97       -120.3
  1750     -79.6      174.9           98       -120.0
  1760     -73.0      176.1          100       -119.8
  1770     -66.7      177.3          101       -119.2
  1780     -60.5      178.5          102       -129.6
  1790     -65.9      179.4          103        -96.6
  1800     -76.3      180.3          104        -67.8
  1810     -77.3      180.9          104        -59.3
  1820     -64.7      181.4          105        -40.1
  1830     -45.8      181.7          105        -36.2
  1840     -28.3      182.0          106        -24.2
  1850     -12.2      182.2          106        -15.9
  1860       0.0      182.3          106        -14.1
  1870       0.0      182.4          106        -10.1
  1880      11.3      182.5          106         -6.6
  1890      39.5      182.5          106          2.6
  1900      62.4      182.4          106         18.1
  1910      78.9      182.0          106         53.2
  1920      92.8      181.2          105         95.8
  1930      98.3      180.0          104        129.6
  1940     113.8      178.8          102        132.8
  1950     126.7      177.6          101        133.9
  1960     153.0      176.4          100        122.7
  1970     176.7      175.1           99        124.8
  1980     211.4      173.9           97        125.9
  1990     220.5      172.6           96        124.5
  2000     218.6      171.4           95        123.7
  2010     204.6      170.1           94        122.4
  2020     192.6      168.9           92        121.3
  2030     193.9      167.7           91        121.3
  2040     209.0      166.5           90        122.4
  2050     224.8      165.3           89        123.2
  2060     239.9      164.0           88        122.9
  2070     249.2      162.8           86        122.4
  2080     253.3      161.6           85        121.9
  2090     253.6      160.3           84        122.1
  2100     255.7      159.1           83        122.4
  2110     261.0      157.9           81        122.7
  2120     266.5      156.7           80        122.7
  2130     271.7      155.4           79        122.4
  2140     275.8      154.2           78        121.3
  2150     277.3      153.0           77        121.3
  2160     277.4      151.8           75        121.3
  2170     278.8      150.6           74        121.6
  2180     282.9      149.4           73        121.9
  2190     288.6      148.1           72        122.1
  2200     294.8      146.9           70        122.1
  2210     300.1      145.7           69        121.6
  2220     302.3      144.5           68        121.1
  2230     301.2      143.3           67        120.8
  2240     298.2      142.1           66        120.8
  2250     295.5      140.9           64        121.3
  2260     296.4      139.6           63        121.3
  2270     300.5      138.4           62        121.6
  2280     306.0      137.2           61        121.1
  2290     309.3      136.0           60        120.5
  2300     307.9      134.8           58        120.8
  2310     302.8      133.6           57        121.1
  2320     297.9      132.4           56        120.8
  2330     295.2      131.2           55        121.1
  2340     296.2      130.0           54        121.3
  2350     299.4      128.7           52        121.3
  2360     301.8      127.5           51        120.5
  2370     301.6      126.3           50        120.3
  2380     297.6      125.1           49        120.0
  2390     291.8      123.9           47        120.5
  2400     287.1      122.7           46        120.5
  2410     284.5      121.5           45        120.8
  2420     283.3      120.3           44        120.8
  2430     282.9      119.1           43        119.8
  2440     280.6      117.9           41        119.5
  2450     275.5      116.7           40        120.0
  2460     268.9      115.5           39        120.3
  2470     263.5      114.3           38        120.5
  2480     260.2      113.1           37        120.8
  2490     258.9      111.9           35        121.1
  2500     256.4      110.7           34        120.3
  2510     253.0      109.5           33        119.2
  2520     247.1      108.3           32        119.0
  2530     238.7      107.1           31        119.0
  2540     230.4      105.9           29        119.8
  2550     223.5      104.7           28        119.8
  2560     217.8      103.5           27        120.3
  2570     212.6      102.3           26        120.3
  2580     206.5      101.1           25        119.5
  2590     198.4       99.9           23        118.7
  2600     188.5       98.7           22        119.0
  2610     178.2       97.5           21        118.7
  2620     169.1       96.3           20        119.5
  2630     162.6       95.1           19        119.5
  2640     158.7       93.9           17        119.8
  2650     156.1       92.7           16        119.8
  2660     152.1       91.6           15        119.2
  2670     145.1       90.4           14        119.2
  2680     135.7       89.2           13        119.0
  2690     125.6       88.0           12        119.5
  2700     115.8       86.8           10        119.2
  2710     106.7       85.6            9        119.2
  2720      99.7       84.4            8        119.0
  2730      93.0       83.2            7        118.7
  2740      86.5       82.0            6        118.4
  2750      79.7       80.8            4        118.7
  2760      72.0       79.7            3        118.4
  2770      69.0       78.5            2        121.3
  2780      73.5       77.7            1         85.9
  2790      78.1       76.9            0         59.9
  2800      71.7       76.4            0         51.6
  2810      54.2       76.0            0         42.5
  2820      33.4       75.7           -1         29.0
  2830     -26.7       75.4           -1         21.0
  2840     -66.7       75.3           -1          8.7
  2850     -52.2       75.4           -1        -11.9
  2860     -65.1       75.8           -1        -45.2
  2870     -49.1       76.6            0        -87.8
  2880     -31.6       77.8            1       -107.0
  2890     -42.7       79.0            3       -107.2
  2900     -78.2       80.2            4       -121.6
  2910    -105.9       81.5            5       -123.5
  2920    -106.3       82.7            6       -123.2
  2930    -132.5       83.9            7       -124.0
  2940    -146.9       85.2            9       -124.8
  2950    -145.2       86.4           10       -123.2
  2960    -133.2       87.6           11       -122.1
  2970    -121.4       88.8           12       -120.8
  2980    -120.7       90.1           14       -120.8
  2990    -132.1       91.3           15       -121.6
  3000    -145.1       92.5           16       -122.1
  3010    -151.9       93.7           17       -122.4
  3020    -153.2       94.9           18       -122.1
  3030    -149.6       96.2           20       -121.6
  3040    -144.5       97.4           21       -120.8
  3050    -141.8       98.6           22       -121.1
  3060    -143.7       99.8           23       -120.8
  3070    -146.4      101.0           25       -121.3
  3080    -149.4      102.2           26       -121.3
  3090    -150.2      103.4           27       -121.6
  3100    -148.6      104.6           28       -121.1
  3110    -146.6      105.8           29       -121.1
  3120    -144.8      107.1           31       -120.8
  3130    -145.0      108.3           32       -120.8
  3140    -145.8      109.5           33       -121.1
  3150    -146.3      110.7           34       -121.1
  3160    -145.2      111.9           35       -121.1
  3170    -143.7      113.1           37       -120.5
  3180    -143.1      114.3           38       -120.8
  3190    -143.1      115.5           39       -120.8
  3200    -143.7      116.7           40       -121.1
  3210    -145.6      117.9           41       -121.1
  3220    -146.4      119.2           43       -121.1
  3230    -145.6      120.4           44       -121.3
  3240    -144.4      121.6           45       -120.5
  3250    -142.9      122.8           46       -120.8
  3260    -142.1      124.0           48       -120.3
  3270    -141.7      125.2           49       -120.8
  3280    -142.7      126.4           50       -120.8
  3290    -142.7      127.6           51       -121.1
  3300    -142.5      128.8           52       -120.8
  3310    -141.6      130.0           54       -121.1
  3320    -140.8      131.2           55       -120.3
  3330    -140.3      132.4           56       -120.5
  3340    -140.6      133.7           57       -120.8
  3350    -141.6      134.9           58       -121.1
  3360    -141.8      136.1           60       -121.1
  3370    -141.2      137.3           61       -121.1
  3380    -139.7      138.5           62       -121.1
  3390    -137.8      139.7           63       -120.5
  3400    -136.3      140.9           64       -120.5
  3410    -135.3      142.1           66       -120.5
  3420    -134.8      143.3           67       -120.5
  3430    -134.4      144.5           68       -121.1
  3440    -134.5      145.7           69       -120.8
  3450    -133.8      147.0           71       -121.1
  3460    -132.8      148.2           72       -120.5
  3470    -130.9      149.4           73       -120.5
  3480    -128.8      150.6           74       -120.0
  3490    -127.1      151.8           75       -120.5
  3500    -126.9      153.0           77       -120.3
  3510    -126.1      154.2           78       -120.8
  3520    -125.4      155.4           79       -120.5
  3530    -124.2      156.6           80       -120.8
  3540    -122.6      157.8           81       -120.3
  3550    -120.7      159.0           83       -120.3
  3560    -119.1      160.2           84       -120.3
  3570    -117.4      161.4           85       -120.3
  3580    -115.8      162.6           86       -120.8
  3590    -114.2      163.8           87       -120.5
  3600    -111.3      165.0           89       -120.8
  3610    -107.1      166.3           90       -120.0
  3620    -102.1      167.5           91       -120.0
  3630     -96.8      168.7           92       -119.8
  3640     -91.9      169.9           93       -120.0
  3650     -87.7      171.1           95       -120.0
  3660     -82.9      172.3           96       -120.0
  3670     -75.8      173.5           97       -119.8
  3680     -67.4      174.7           98       -119.5
  3690     -55.9      175.8           99       -119.2
  3700     -44.2      177.0          101       -118.7
  3710     -30.6      178.2          102       -116.0
  3720     -19.5      179.3          103       -107.5
  3730      -6.2      180.0          104        -75.0
  3740       0.0      180.6          104        -51.1
  3750      29.0      181.1          105        -46.0
  3760      59.3      181.4          105        -21.0
  3770     109.0      181.3          105         15.4
  3780     118.9      180.8          104         68.6
  3790     117.3      179.7          103        128.0
  3800     124.6      178.5          102        133.6
  3810     154.2      177.3          101        135.2
  3820     181.7      176.0          100        124.8
  3830     213.4      174.8           98        125.9
  3840     230.7      173.5           97        125.9
  3850     228.4      172.3           96        123.7
  3860     210.6      171.1           95        122.4
  3870     195.4      169.8           93        121.1
  3880     193.6      168.6           92        121.1
  3890     206.0      167.4           91        121.9
  3900     222.9      166.2           90        122.9
  3910     238.1      164.9           88        123.7
  3920     247.7      163.7           87        122.7
  3930     250.3      162.5           86        121.9
  3940     247.5      161.3           85        121.3
  3950     244.6      160.1           84        121.3
  3960     246.1      158.8           82        121.9
  3970     252.2      157.6           81        122.1
  3980     258.3      156.4           80        122.4
  3990     264.0      155.2           79        121.9
  4000     266.7      154.0           78        121.3
  4010     267.3      152.7           76        121.1
  4020     267.5      151.5           75        121.3
  4030     269.7      150.3           74        121.6
  4040     273.8      149.1           73        121.9
  4050     280.3      147.9           71        122.4
  4060     285.7      146.7           70        122.1
  4070     289.0      145.4           69        121.3
  4080     289.5      144.2           68        120.8
  4090     287.9      143.0           67        120.8
  4100     286.7      141.8           65        120.8
  4110     287.1      140.6           64        121.3
  4120     289.8      139.4           63        121.6
  4130     292.8      138.2           62        121.9
  4140     295.5      136.9           60        120.8
  4150     295.1      135.7           59        120.5
  4160     292.9      134.5           58        120.5
  4170     290.3      133.3           57        120.8
  4180     288.8      132.1           56        121.1
  4190     288.4      130.9           54        121.1
  4200     288.4      129.7           53        121.3
  4210     289.0      128.5           52        121.1
  4220     287.9      127.3           51        120.0
  4230     285.7      126.1           50        120.0
  4240     283.5      124.9           48        120.0
  4250     281.0      123.7           47        120.5
  4260     279.1      122.5           46        120.8
  4270     276.8      121.2           45        120.8
  4280     274.3      120.0           44        120.8
  4290     273.0      118.8           42        119.5
  4300     271.6      117.6           41        119.5
  4310     269.2      116.4           40        120.0
  4320     265.2      115.2           39        120.5
  4330     261.2      114.0           38        120.8
  4340     257.8      112.8           36        121.1
  4350     256.3      111.6           35        121.1
  4360     255.2      110.4           34        120.3
  4370     252.1      109.2           33        119.5
  4380     245.7      108.0           32        119.0
  4390     237.2      106.8           30        119.5
  4400     229.0      105.6           29        119.8
  4410     221.8      104.4           28        120.0
  4420     216.6      103.2           27        120.3
  4430     211.0      102.0           26        120.3
  4440     204.9      100.8           24        119.0
  4450     196.9       99.6           23        118.7
  4460     187.8       98.4           22        119.0
  4470     178.0       97.2           21        119.2
  4480     170.3       96.0           20        119.5
  4490     165.6       94.8           18        119.8
  4500     162.0       93.6           17        120.0
  4510     158.0       92.4           16        119.5
  4520     152.6       91.3           15        119.0
  4530     144.0       90.1           14        119.0
  4540     133.4       88.9           12        119.0
  4550     122.9       87.7           11        119.2
  4560     113.4       86.5           10        119.2
  4570     104.8       85.3            9        119.5
  4580      97.4       84.1            8        118.7
  4590      89.9       82.9            6        118.7
  4600      81.0       81.7            5        117.9
  4610      69.4       80.6            4        118.4
  4620      56.0       79.4            3        105.9
  4630      46.9       78.4            2         92.1
  4640      39.2       77.5            1         79.0
  4650      32.0       76.9            0         54.3
  4660     -23.9       76.4            0         46.3
  4670     -49.2       76.0            0         30.6
  4680     -76.7       75.8           -1         18.6
  4690     -60.7       75.8           -1        -11.9
  4700     -67.3       76.2            0        -56.4
  4710     -48.0       77.1            1       -109.9
  4720     -36.3       78.3            2       -131.5
  4730     -55.2       79.5            3       -132.0
  4740     -88.5       80.7            4       -121.9
  4750    -109.4       81.9            5       -123.7
  4760    -125.2       83.2            7       -123.2
  4770    -141.7       84.4            8       -124.3
  4780    -147.9       85.6            9       -124.3
  4790    -141.6       86.9           10       -122.9
  4800    -128.8       88.1           12       -121.9
  4810    -120.1       89.3           13       -120.5
  4820    -123.8       90.5           14       -121.3
  4830    -137.0       91.7           15       -121.6
  4840    -148.3       93.0           17       -122.7
  4850    -152.0       94.2           18       -122.1
  4860    -150.0       95.4           19       -121.9
  4870    -145.5       96.6           20       -121.3
  4880    -141.8       97.8           21       -121.1
  4890    -142.7       99.0           23       -121.3
  4900    -146.3      100.2           24       -121.3
  4910    -148.2      101.5           25       -121.6
  4920    -147.0      102.7           26       -121.1
  4930    -144.3      103.9           27       -121.1
  4940    -141.3      105.1           29       -120.5
  4950    -139.5      106.3           30       -120.8
  4960    -139.8      107.5           31       -120.8
  4970    -141.0      108.7           32       -121.3
  4980    -141.3      109.9           33       -121.1
  4990    -140.3      111.1           35       -121.1
  5000    -138.2      112.3           36       -120.8
  5010    -136.5      113.5           37       -120.5
  5020    -136.0      114.8           38       -120.5
  5030    -137.2      116.0           40       -120.8
  5040    -139.1      117.2           41       -121.3
  5050    -140.9      118.4           42       -121.1
  5060    -140.8      119.6           43       -121.6
  5070    -139.1      120.8           44       -121.1
  5080    -137.6      122.0           46       -120.8
  5090    -136.8      123.2           47       -120.8
  5100    -136.7      124.4           48       -120.8
  5110    -137.4      125.6           49       -121.1
  5120    -138.4      126.8           50       -121.1
  5130    -138.6      128.1           52       -121.3
  5140    -138.0      129.3           53       -120.8
  5150    -135.9      130.5           54       -120.8
  5160    -134.2      131.7           55       -120.3
  5170    -133.0      132.9           56       -120.5
  5180    -132.6      134.1           58       -120.8
  5190    -133.6      135.3           59       -121.1
  5200    -134.0      136.5           60       -121.1
  5210    -133.7      137.7           61       -120.8
  5220    -132.6      138.9           62       -121.1
  5230    -131.8      140.1           64       -120.5
  5240    -130.9      141.3           65       -120.8
  5250    -130.9      142.6           66       -120.5
  5260    -130.7      143.8           67       -120.8
  5270    -131.4      145.0           69       -121.1
  5280    -131.3      146.2           70       -121.1
  5290    -130.9      147.4           71       -121.1
  5300    -130.3      148.6           72       -120.8
  5310    -129.6      149.8           73       -120.5
  5320    -128.3      151.0           75       -120.5
  5330    -126.9      152.2           76       -120.5
  5340    -126.2      153.4           77       -120.5
  5350    -125.4      154.6           78       -120.8
  5360    -125.0      155.8           79       -120.8
  5370    -124.2      157.0           81       -120.8
  5380    -123.1      158.3           82       -120.5
  5390    -121.5      159.5           83       -120.5
  5400    -119.7      160.7           84       -120.3
  5410    -118.4      161.9           85       -120.5
  5420    -117.4      163.1           87       -120.8
  5430    -116.1      164.3           88       -120.8
  5440    -114.0      165.5           89       -120.8
  5450    -111.6      166.7           90       -120.3
  5460    -107.7      167.9           91       -120.0
  5470    -103.2      169.1           93       -120.0
  5480     -97.6      170.3           94       -120.5
  5490     -91.9      171.5           95       -120.0
  5500     -85.4      172.7           96       -120.0
  5510     -78.1      173.9           97       -119.8
  5520     -67.4      175.1           99       -119.5
  5530     -50.2      176.3          100       -118.7
  5540     -23.7      177.5          101       -117.4
  5550       0.0      178.6          102        -99.3
  5560      13.4      179.5          103        -76.9
  5570      30.9      180.2          104        -68.4
  5580      60.1      180.6          104        -41.5
  5590      88.1      180.7          104          0.7
  5600     108.6      180.4          104         42.3
  5610     108.3      179.6          103        102.2
  5620     114.7      178.4          102        134.1
  5630     130.0      177.2          101        134.1
  5640     145.2      176.0          100        122.9
  5650     185.8      174.7           98        125.3
  5660     223.3      173.5           97        126.1
  5670     235.0      172.2           96        124.8
  5680     227.3      171.0           95        124.0
  5690     204.5      169.7           93        122.1
  5700     187.1      168.5           92        121.1
  5710     188.2      167.3           91        120.8
  5720     206.1      166.1           90        122.1
  5730     227.0      164.9           88        122.9
  5740     242.6      163.6           87        122.4
  5750     247.9      162.4           86        122.4
  5760     243.7      161.2           85        121.9
  5770     237.6      160.0           84        121.3
  5780     236.9      158.8           82        121.6
  5790     244.1      157.5           81        121.9
  5800     253.7      156.3           80        122.4
  5810     261.0      155.1           79        122.1
  5820     263.9      153.9           77        121.3
  5830     262.8      152.7           76        121.1
  5840     260.9      151.4           75        121.1
  5850     261.4      150.2           74        121.3
  5860     266.3      149.0           73        121.6
  5870     273.8      147.8           71        122.1
  5880     281.2      146.6           70        122.1
  5890     285.7      145.4           69        121.3
  5900     286.4      144.1           68        120.8
  5910     283.1      142.9           66        121.1
  5920     278.9      141.7           65        120.8
  5930     276.6      140.5           64        121.1
  5940     278.1      139.3           63        121.1
  5950     281.9      138.1           62        121.6
  5960     286.1      136.9           60        120.8
  5970     287.3      135.7           59        120.5
  5980     285.8      134.5           58        120.5
  5990     283.1      133.2           57        121.1
  6000     281.9      132.0           56        121.1
  6010     282.3      130.8           54        121.1
  6020     283.7      129.6           53        121.6
  6030     285.0      128.4           52        121.1
  6040     285.2      127.2           51        120.3
  6050     283.8      126.0           50        120.0
  6060     281.1      124.8           48        120.3
  6070     277.7      123.6           47        121.1
  6080     275.5      122.4           46        120.8
  6090     273.4      121.1           45        121.1
  6100     271.2      119.9           43        120.5
  6110     269.7      118.7           42        119.5
  6120     267.5      117.5           41        119.5
  6130     264.3      116.3           40        120.0
  6140     259.9      115.1           39        120.5
  6150     255.3      113.9           37        120.5
  6160     251.8      112.7           36        121.1
  6170     248.8      111.5           35        120.8
  6180     246.8      110.3           34        120.0
  6190     243.1      109.1           33        119.2
  6200     237.0      107.9           31        119.0
  6210     229.3      106.7           30        119.5
  6220     222.1      105.5           29        119.5
  6230     216.0      104.3           28        120.0
  6240     210.7      103.1           27        120.3
  6250     205.7      101.9           25        120.3
  6260     201.4      100.7           24        119.0
  6270     194.7       99.5           23        119.0
  6280     186.6       98.3           22        119.0
  6290     177.9       97.1           21        119.5
  6300     169.4       96.0           20        119.8
  6310     162.2       94.8           18        119.8
  6320     156.9       93.6           17        119.8
  6330     153.9       92.4           16        119.5
  6340     150.5       91.2           15        119.0
  6350     144.3       90.0           14        119.0
  6360     136.1       88.8           12        119.2
  6370     127.7       87.6           11        119.5
  6380     119.2       86.4           10        119.5
  6390     111.1       85.2            9        119.5
  6400     103.2       84.0            8        119.0
  6410      95.9       82.8            6        119.0
  6420      87.7       81.6            5        118.2
  6430      78.5       80.4            4        118.4
  6440      67.9       79.3            3        117.4
  6450      65.4       78.2            2        101.9
  6460      66.3       77.4            1         70.2
  6470      64.4       76.8            0         60.6
  6480      53.2       76.3            0         41.5
  6490      33.2       75.9           -1         34.8
  6500     -27.7       75.6           -1         28.2
  6510     -67.8       75.4           -1         13.8
  6520     -53.3       75.5           -1         -9.3
  6530     -65.9       75.8           -1        -50.8
  6540     -48.0       76.7            0       -103.2
  6550     -30.0       77.8            1       -131.2
  6560     -39.5       79.0            3       -129.3
  6570     -72.7       80.2            4       -121.3
  6580    -101.8       81.5            5       -123.5
  6590    -109.4       82.7            6       -123.7
  6600    -122.6       83.9            7       -123.2
  6610    -131.9       85.2            9       -123.7
  6620    -133.0       86.4           10       -122.9
  6630    -127.9       87.6           11       -122.4
  6640    -121.9       88.8           12       -121.6
  6650    -120.0       90.1           14       -121.3
  6660    -126.2       91.3           15       -121.6
  6670    -135.2       92.5           16       -122.1
  6680    -140.9       93.7           17       -122.1
  6690    -144.0       94.9           18       -121.6
  6700    -143.3       96.1           20       -121.6
  6710    -141.0       97.4           21       -121.3
  6720    -138.7       98.6           22       -121.6
  6730    -139.7       99.8           23       -120.8
  6740    -141.4      101.0           25       -121.3
  6750    -143.6      102.2           26       -121.1
  6760    -145.0      103.4           27       -121.3
  6770    -144.4      104.6           28       -121.1
  6780    -142.1      105.8           29       -121.1
  6790    -139.7      107.1           31       -120.8
  6800    -138.9      108.3           32       -121.1
  6810    -138.9      109.5           33       -121.1
  6820    -139.3      110.7           34       -121.1
  6830    -138.9      111.9           35       -121.1
  6840    -138.0      113.1           37       -120.5
  6850    -137.0      114.3           38       -120.8
  6860    -136.8      115.5           39       -120.8
  6870    -137.9      116.7           40       -121.3
  6880    -139.7      117.9           41       -121.3
  6890    -140.3      119.2           43       -121.3
  6900    -139.4      120.4           44       -121.1
  6910    -137.8      121.6           45       -120.8
  6920    -136.3      122.8           46       -120.8
  6930    -135.2      124.0           48       -120.5
  6940    -134.0      125.2           49       -120.8
  6950    -135.1      126.4           50       -120.8
  6960    -136.0      127.6           51       -121.1
  6970    -136.5      128.8           52       -121.1
  6980    -135.7      130.0           54       -121.1
  6990    -134.2      131.2           55       -120.5
  7000    -132.6      132.4           56       -120.5
  7010    -131.7      133.7           57       -120.8
  7020    -132.2      134.9           58       -120.8
  7030    -133.0      136.1           60       -121.3
  7040    -133.7      137.3           61       -121.1
  7050    -133.7      138.5           62       -121.1
  7060    -133.0      139.7           63       -120.8
  7070    -131.5      140.9           64       -121.1
  7080    -129.8      142.1           66       -120.5
  7090    -128.7      143.3           67       -120.8
  7100    -128.8      144.5           68       -120.8
  7110    -129.8      145.7           69       -121.1
  7120    -130.4      147.0           71       -121.1
  7130    -129.9      148.2           72       -120.8
  7140    -128.5      149.4           73       -120.8
  7150    -127.1      150.6           74       -120.3
  7160    -125.7      151.8           75       -120.8
  7170    -125.4      153.0           77       -120.8
  7180    -124.9      154.2           78       -120.8
  7190    -124.9      155.4           79       -120.8
  7200    -123.9      156.6           80       -120.8
  7210    -122.6      157.8           81       -120.8
  7220    -121.4      159.0           83       -120.5
  7230    -119.2      160.2           84       -120.3
  7240    -116.9      161.4           85       -120.5
  7250    -115.1      162.6           86       -120.8
  7260    -113.4      163.9           87       -120.5
  7270    -110.5      165.1           89       -120.8
  7280    -106.9      166.3           90       -120.0
  7290    -100.9      167.5           91       -120.0
  7300     -93.3      168.7           92       -119.8
  7310     -84.2      169.9           93       -119.8
  7320     -74.0      171.1           95       -119.5
  7330     -62.8      172.2           96       -119.2
  7340     -47.6      173.4           97       -118.4
  7350     -24.0      174.6           98       -117.4
  7360       0.0      175.8           99       -115.2
  7370      29.3      176.9          100       -112.0
  7380      52.2      177.8          101        -83.3
  7390      79.7      178.5          102        -50.8
  7400      91.9      178.7          102         -6.3
  7410     107.5      178.4          102         42.0
  7420      94.2      177.6          101        101.6
  7430      97.4      176.5          100        120.8
  7440     121.1      175.2           99        121.9
  7450     142.4      174.0           98        123.7
  7460     189.6      172.8           96        124.0
  7470     214.0      171.5           95        125.6
  7480     241.5      170.3           94        126.1
  7490     233.1      169.0           93        125.3
  7500     207.1      167.8           91        122.9
  7510     185.5      166.6           90        121.1
  7520     181.4      165.3           89        120.5
  7530     197.6      164.1           88        121.1
  7540     222.2      162.9           86        121.9
  7550     240.1      161.7           85        122.7
  7560     246.5      160.5           84        122.9
  7570     241.1      159.2           83        122.7
  7580     232.7      158.0           82        121.9
  7590     231.2      156.8           80        121.6
  7600     239.5      155.6           79        121.9
  7610     251.8      154.4           78        121.9
  7620     261.0      153.1           77        121.6
  7630     263.9      151.9           75        121.9
  7640     260.9      150.7           74        121.6
  7650     257.0      149.5           73        121.3
  7660     256.8      148.3           72        121.6
  7670     262.5      147.0           71        121.9
  7680     272.7      145.8           69        121.6
  7690     282.2      144.6           68        121.9
  7700     287.9      143.4           67        121.6
  7710     287.3      142.2           66        121.6
  7720     282.9      141.0           65        121.6
  7730     279.1      139.7           63        121.3
  7740     277.7      138.5           62        121.1
  7750     280.0      137.3           61        120.8
  7760     283.4      136.1           60        120.5
  7770     283.9      134.9           58        120.5
  7780     281.9      133.7           57        120.8
  7790     279.2      132.5           56        121.1
  7800     278.5      131.3           55        121.1
  7810     278.8      130.1           54        121.6
  7820     279.3      128.8           52        121.3
  7830     280.1      127.6           51        120.3
  7840     278.8      126.4           50        120.3
  7850     274.9      125.2           49        120.0
  7860     270.5      124.0           48        120.5
  7870     268.5      122.8           46        120.8
  7880     268.8      121.6           45        121.1
  7890     270.5      120.4           44        121.1
  7900     272.0      119.2           43        120.3
  7910     268.4      118.0           42        119.8
  7920     260.9      116.8           40        119.8
  7930     252.2      115.6           39        120.0
  7940     246.9      114.4           38        120.0
  7950     244.1      113.2           37        120.3
  7960     243.5      112.0           36        120.8
  7970     243.3      110.8           34        120.8
  7980     240.4      109.6           33        119.5
  7990     233.6      108.4           32        119.2
  8000     224.4      107.2           31        119.2
  8010     215.7      106.0           30        119.5
  8020     209.0      104.8           28        119.8
  8030     205.0      103.6           27        120.0
  8040     202.3      102.4           26        120.3
  8050     199.3      101.2           25        120.0
  8060     193.9      100.0           24        119.0
  8070     186.3       98.8           22        119.2
  8080     177.0       97.6           21        119.0
  8090     168.0       96.4           20        119.5
  8100     160.7       95.2           19        119.8
  8110     155.1       94.0           18        120.0
  8120     150.4       92.8           16        119.8
  8130     145.9       91.6           15        119.0
  8140     139.7       90.4           14        119.2
  8150     132.1       89.2           13        119.0
  8160     123.7       88.0           12        119.5
  8170     116.2       86.8           10        119.2
  8180     108.3       85.6            9        119.5
  8190     100.8       84.5            8        119.2
  8200      92.3       83.3            7        119.2
  8210      83.9       82.1            6        118.2
  8220      75.1       80.9            4        118.4
  8230      65.9       79.7            3        118.2
  8240      60.1       78.6            2        122.4
  8250      62.1       77.7            1         86.5
  8260      66.2       77.0            1         59.9
  8270      61.6       76.4            0         51.6
  8280      47.7       76.0            0         38.8
  8290      29.6       75.7           -1         29.0
  8300     -27.8       75.4           -1         23.6
  8310     -59.7       75.3           -1         11.1
  8320     -38.2       75.3           -1         -7.7
  8330     -48.7       75.6           -1        -34.6
  8340     -36.2       76.3            0        -67.8
  8350     -17.4       77.3            1        -97.4
  8360     -18.3       78.5            2       -106.2
  8370     -48.1       79.7            3       -131.7
  8380     -81.9       80.9            4       -122.1
  8390    -108.1       82.2            6       -123.7
  8400    -110.4       83.4            7       -123.2
  8410    -121.0       84.6            8       -123.2
  8420    -126.7       85.9            9       -123.2
  8430    -124.6       87.1           11       -122.7
  8440    -121.4       88.3           12       -121.9
  8450    -120.3       89.5           13       -121.6
  8460    -122.9       90.7           14       -121.9
  8470    -129.5       92.0           16       -121.9
  8480    -136.1       93.2           17       -122.1
  8490    -140.5       94.4           18       -121.6
  8500    -141.2       95.6           19       -121.9
  8510    -139.5       96.8           20       -121.3
  8520    -137.9       98.1           22       -121.3
  8530    -137.1       99.3           23       -121.3
  8540    -137.1      100.5           24       -121.1
  8550    -137.4      101.7           25       -121.3
  8560    -137.0      102.9           26       -120.8
  8570    -136.3      104.1           28       -120.8
  8580    -136.1      105.3           29       -120.5
  8590    -135.3      106.5           30       -120.8
  8600    -134.5      107.7           31       -120.5
  8610    -133.7      108.9           32       -121.1
  8620    -132.9      110.2           34       -121.1
  8630    -131.7      111.4           35       -120.8
  8640    -131.0      112.6           36       -120.5
  8650    -131.0      113.8           37       -120.5
  8660    -131.4      115.0           39       -120.8
  8670    -132.8      116.2           40       -120.8
  8680    -134.1      117.4           41       -121.3
  8690    -134.4      118.6           42       -120.8
  8700    -133.4      119.8           43       -121.3
  8710    -132.1      121.0           45       -120.8
  8720    -130.6      122.3           46       -120.8
  8730    -129.5      123.5           47       -120.5
  8740    -128.3      124.7           48       -120.8
  8750    -127.1      125.9           49       -120.8
  8760    -126.4      127.1           51       -121.1
  8770    -126.0      128.3           52       -121.1
  8780    -126.7      129.5           53       -120.8
  8790    -126.8      130.7           54       -120.8
  8800    -126.4      131.9           55       -120.5
  8810    -125.7      133.1           57       -120.8
  8820    -125.8      134.3           58       -120.8
  8830    -125.6      135.5           59       -121.1
  8840    -125.3      136.7           60       -120.8
  8850    -124.8      138.0           62       -121.1
  8860    -124.5      139.2           63       -120.8
  8870    -124.3      140.4           64       -120.8
  8880    -123.8      141.6           65       -120.8
  8890    -123.8      142.8           66       -120.8
  8900    -123.3      144.0           68       -121.1
  8910    -124.2      145.2           69       -121.1
  8920    -124.8      146.4           70       -121.3
  8930    -124.9      147.6           71       -121.1
  8940    -124.3      148.8           72       -121.1
  8950    -123.3      150.0           74       -120.5
  8960    -121.6      151.3           75       -120.8
  8970    -120.7      152.5           76       -120.8
  8980    -121.0      153.7           77       -121.1
  8990    -121.5      154.9           78       -121.1
  9000    -121.6      156.1           80       -121.1
  9010    -120.5      157.3           81       -120.8
  9020    -118.9      158.5           82       -120.5
  9030    -116.3      159.7           83       -120.8
  9040    -114.3      160.9           84       -120.3
  9050    -113.0      162.1           86       -120.8
  9060    -112.3      163.3           87       -120.8
  9070    -110.6      164.5           88       -121.1
  9080    -107.1      165.7           89       -120.5
  9090    -101.7      166.9           90       -120.3
  9100     -95.9      168.1           92       -120.0
  9110     -88.8      169.3           93       -119.8
  9120     -80.3      170.5           94       -119.8
  9130     -69.8      171.7           95       -119.5
  9140     -55.5      172.9           96       -119.0
  9150     -35.9      174.1           98       -118.2
  9160      -9.1      175.3           99       -116.3
  9170       0.0      176.4          100       -114.2
  9180      37.4      177.5          101       -104.6
  9190      60.1      178.3          102        -70.0
  9200      81.5      178.8          102        -33.5
  9210     100.9      178.8          102          9.5
  9220     100.2      178.4          102         58.0
