Raja2_S01, 
26/04/2013 10:42:29
Set #1

  TIME    TORQUE   POSITION    POS (ANAT)    VELOCITY
  mSec       N-M    Degrees      Degrees       DEG/SEC
     0       0.0      171.6           95          0.0
    10     -59.4      171.6           95          1.3
    20     -61.4      171.6           95          1.5
    30     -64.8      171.5           95          4.5
    40     -68.3      171.5           95          6.3
    50     -72.8      171.4           95         12.5
    60     -76.7      171.2           95         17.5
    70     -81.0      171.0           95         23.4
    80     -85.0      170.8           94         30.0
    90     -88.3      170.4           94         37.8
   100     -90.9      170.0           94         46.8
   110     -93.2      169.5           93         56.1
   120     -96.0      168.9           92         66.5
   130     -99.5      168.3           92         77.2
   140    -102.5      167.5           91         87.3
   150    -106.9      166.6           90         99.3
   160    -114.6      165.6           89        103.2
   170    -122.4      164.5           88        116.0
   180    -122.2      163.3           87        120.8
   190    -117.4      162.1           86        120.8
   200    -126.8      160.9           84        119.8
   210    -134.2      159.7           83        118.4
   220    -138.2      158.5           82        117.9
   230    -140.2      157.3           81        119.2
   240    -137.6      156.1           80        119.0
   250    -134.7      154.9           78        120.5
   260    -134.5      153.7           77        119.8
   270    -139.4      152.5           76        120.0
   280    -146.0      151.3           75        118.7
   290    -152.1      150.1           74        118.4
   300    -157.7      148.9           72        118.2
   310    -160.0      147.8           71        117.9
   320    -160.0      146.6           70        119.5
   330    -158.8      145.4           69        119.0
   340    -159.9      144.2           68        120.3
   350    -162.3      143.0           67        119.0
   360    -164.9      141.8           65        119.0
   370    -166.1      140.6           64        118.4
   380    -161.8      139.4           63        119.5
   390    -154.3      138.2           62        120.8
   400    -145.2      137.0           61        121.6
   410    -139.0      135.8           59        122.7
   420    -138.0      134.5           58        121.6
   430    -144.7      133.3           57        121.3
   440    -152.8      132.1           56        119.2
   450    -161.9      130.9           54        119.0
   460    -168.6      129.8           53        117.4
   470    -170.9      128.6           52        118.7
   480    -169.4      127.4           51        118.7
   490    -166.5      126.2           50        119.5
   500    -165.4      125.0           49        120.0
   510    -165.6      123.8           47        119.2
   520    -169.5      122.6           46        119.8
   530    -173.2      121.4           45        118.4
   540    -177.4      120.2           44        119.8
   550    -179.8      119.0           43        118.7
   560    -180.9      117.8           41        119.5
   570    -178.0      116.7           40        119.0
   580    -172.1      115.5           39        120.5
   590    -163.7      114.2           38        120.8
   600    -155.8      113.0           37        121.3
   610    -151.5      111.8           35        122.4
   620    -151.1      110.6           34        121.6
   630    -152.8      109.4           33        121.9
   640    -158.2      108.2           32        120.0
   650    -168.0      107.0           31        119.8
   660    -174.9      105.8           29        117.6
   670    -179.0      104.6           28        118.2
   680    -179.1      103.4           27        118.4
   690    -174.4      102.2           26        119.2
   700    -168.1      101.0           25        120.8
   710    -161.2       99.8           23        120.5
   720    -157.7       98.6           22        121.9
   730    -158.4       97.4           21        120.5
   740    -163.3       96.2           20        120.8
   750    -168.4       95.0           19        118.7
   760    -172.5       93.8           17        119.8
   770    -171.1       92.6           16        119.2
   780    -166.4       91.4           15        120.5
   790    -160.7       90.2           14        120.8
   800    -155.5       89.0           13        121.1
   810    -152.3       87.8           11        121.6
   820    -151.3       86.6           10        120.8
   830    -152.4       85.4            9        121.3
   840    -150.7       84.2            8        120.3
   850    -145.4       82.9            6        121.6
   860    -142.2       81.7            5        120.8
   870    -143.7       80.6            4        106.7
   880    -130.2       79.6            3         82.2
   890    -116.9       78.8            2         63.0
   900    -116.3       78.3            2         48.4
   910    -124.6       77.8            1         43.6
   920    -138.2       77.5            1         28.7
   930    -155.3       77.3            1         22.0
   940    -165.6       77.1            1         14.6
   950    -168.4       77.0            1         10.3
   960    -166.1       76.9            0          9.5
   970    -162.4       76.8            0          8.2
   980    -160.7       76.7            0          6.9
   990    -164.1       76.7            0          5.5
  1000    -173.3       76.6            0          4.7
  1010    -181.2       76.6            0          2.6
  1020    -112.0       76.9            0        -48.9
  1030     -60.3       78.0            2       -105.4
  1040     -60.9       79.3            3       -120.3
  1050     -89.9       80.4            4       -121.9
  1060    -137.1       81.7            5       -124.3
  1070    -173.2       83.0            7       -126.1
  1080    -190.0       84.2            8       -126.1
  1090    -173.6       85.5            9       -124.5
  1100    -142.9       86.7           10       -121.3
  1110    -119.1       87.9           11       -119.8
  1120    -108.8       89.1           13       -119.0
  1130    -114.6       90.3           14       -120.0
  1140    -132.9       91.5           15       -121.1
  1150    -150.0       92.7           16       -122.4
  1160    -154.7       93.9           17       -122.4
  1170    -149.0       95.2           19       -121.6
  1180    -137.9       96.4           20       -120.8
  1190    -128.1       97.6           21       -120.0
  1200    -126.0       98.8           22       -120.5
  1210    -130.2      100.0           24       -120.5
  1220    -134.8      101.2           25       -121.6
  1230    -138.2      102.4           26       -121.1
  1240    -137.0      103.6           27       -121.3
  1250    -132.8      104.8           28       -120.5
  1260    -128.8      106.0           30       -120.5
  1270    -126.9      107.2           31       -120.5
  1280    -127.6      108.4           32       -120.8
  1290    -128.5      109.6           33       -121.1
  1300    -128.5      110.9           34       -121.1
  1310    -127.1      112.1           36       -121.1
  1320    -125.2      113.3           37       -120.5
  1330    -122.3      114.5           38       -120.5
  1340    -121.8      115.7           39       -120.3
  1350    -122.4      116.9           40       -120.8
  1360    -123.8      118.1           42       -120.8
  1370    -124.2      119.3           43       -121.3
  1380    -123.4      120.5           44       -120.8
  1390    -121.1      121.7           45       -120.8
  1400    -118.8      122.9           46       -120.8
  1410    -116.9      124.1           48       -120.5
  1420    -116.5      125.4           49       -120.8
  1430    -117.0      126.6           50       -121.1
  1440    -118.1      127.8           51       -121.1
  1450    -118.2      129.0           53       -120.8
  1460    -116.8      130.2           54       -120.8
  1470    -114.3      131.4           55       -120.5
  1480    -112.0      132.6           56       -120.3
  1490    -110.5      133.8           57       -120.8
  1500    -110.6      135.0           59       -120.8
  1510    -111.6      136.2           60       -121.1
  1520    -112.7      137.4           61       -121.1
  1530    -111.9      138.7           62       -121.3
  1540    -110.4      139.9           63       -120.5
  1550    -108.1      141.1           65       -120.8
  1560    -106.6      142.3           66       -120.3
  1570    -105.5      143.5           67       -120.8
  1580    -105.4      144.7           68       -120.8
  1590    -105.4      145.9           69       -121.1
  1600    -104.8      147.1           71       -120.8
  1610    -103.3      148.3           72       -120.8
  1620    -102.0      149.5           73       -120.3
  1630     -99.9      150.7           74       -120.3
  1640     -98.0      151.9           75       -120.5
  1650     -97.1      153.1           77       -120.5
  1660     -96.1      154.3           78       -120.5
  1670     -95.3      155.6           79       -120.8
  1680     -94.9      156.8           80       -120.8
  1690     -93.8      158.0           82       -120.5
  1700     -92.3      159.2           83       -120.5
  1710     -90.6      160.4           84       -120.3
  1720     -88.5      161.6           85       -120.5
  1730     -86.6      162.8           86       -120.8
  1740     -85.2      164.0           88       -120.5
  1750     -83.1      165.2           89       -120.8
  1760     -80.5      166.4           90       -120.3
  1770     -80.8      167.6           91       -124.8
  1780     -93.7      168.5           92        -89.7
  1790    -106.0      169.2           93        -70.0
  1800    -110.8      169.8           93        -48.9
  1810    -102.4      170.3           94        -42.0
  1820     -88.0      170.6           94        -27.9
  1830     -74.0      170.9           94        -22.8
  1840     -67.0      171.0           95        -17.0
  1850     -67.8      171.2           95        -13.8
  1860     -73.0      171.3           95        -10.1
  1870     -77.2      171.4           95         -7.9
  1880     -79.1      171.4           95         -5.8
  1890     -75.7      171.5           95         -4.7
  1900     -70.0      171.5           95         -4.5
  1910     -73.5      171.5           95          1.5
  1920     -73.0      171.5           95          1.3
  1930     -77.4      171.5           95          5.8
  1940     -83.4      171.4           95         10.9
  1950     -87.7      171.2           95         22.0
  1960     -90.3      170.9           94         30.8
  1970     -90.7      170.6           94         40.7
  1980     -90.9      170.1           94         50.8
  1990     -92.5      169.6           93         60.6
  2000     -96.8      169.0           93         70.5
  2010    -103.5      168.3           92         81.1
  2020    -111.1      167.4           91         91.5
  2030    -120.1      166.5           90        105.4
  2040    -128.1      165.4           89        111.8
  2050    -131.5      164.2           88        120.0
  2060    -127.5      163.0           87        120.8
  2070    -121.1      161.8           85        120.3
  2080    -120.5      160.6           84        120.8
  2090    -127.5      159.4           83        119.5
  2100    -138.2      158.2           82        118.4
  2110    -148.9      157.0           81        118.2
  2120    -155.7      155.9           79        117.4
  2130    -158.5      154.7           78        118.7
  2140    -158.5      153.5           77        117.6
  2150    -159.7      152.3           76        119.2
  2160    -163.8      151.1           75        118.2
  2170    -168.8      149.9           73        118.2
  2180    -174.0      148.8           72        118.2
  2190    -176.4      147.6           71        118.2
  2200    -177.8      146.4           70        119.2
  2210    -177.1      145.2           69        118.7
  2220    -177.9      144.0           68        120.3
  2230    -180.1      142.8           66        118.7
  2240    -184.7      141.6           65        118.7
  2250    -189.0      140.4           64        117.9
  2260    -193.1      139.3           63        118.7
  2270    -195.8      138.1           62        118.4
  2280    -196.5      136.9           60        119.0
  2290    -196.8      135.7           59        119.8
  2300    -195.9      134.5           58        119.2
  2310    -197.7      133.3           57        120.3
  2320    -198.5      132.1           56        118.4
  2330    -199.9      130.9           54        119.8
  2340    -200.6      129.7           53        119.0
  2350    -203.0      128.5           52        120.0
  2360    -206.5      127.3           51        119.2
  2370    -208.8      126.1           50        119.2
  2380    -210.5      124.9           48        119.0
  2390    -207.3      123.7           47        118.4
  2400    -203.9      122.5           46        120.3
  2410    -199.9      121.3           45        119.8
  2420    -198.4      120.1           44        121.6
  2430    -197.4      118.9           42        120.5
  2440    -197.3      117.7           41        121.1
  2450    -198.4      116.5           40        120.0
  2460    -199.3      115.3           39        120.5
  2470    -199.6      114.1           38        119.5
  2480    -197.8      112.9           36        119.8
  2490    -194.7      111.7           35        120.8
  2500    -188.8      110.5           34        120.8
  2510    -183.1      109.3           33        122.4
  2520    -177.1      108.1           32        121.3
  2530    -173.6      106.8           30        122.4
  2540    -171.3      105.6           29        120.8
  2550    -173.3      104.4           28        121.3
  2560    -178.7      103.2           27        119.8
  2570    -186.0      102.0           26        119.5
  2580    -189.7      100.8           24        119.0
  2590    -189.8       99.6           23        119.0
  2600    -188.8       98.4           22        119.8
  2610    -185.5       97.2           21        119.8
  2620    -179.8       96.0           20        121.1
  2630    -174.0       94.8           18        120.5
  2640    -171.0       93.6           17        121.9
  2650    -169.6       92.4           16        120.8
  2660    -167.2       91.2           15        121.9
  2670    -168.6       90.0           14        120.8
  2680    -174.8       88.8           12        120.0
  2690    -178.7       87.6           11        119.2
  2700    -179.7       86.4           10        118.7
  2710    -180.8       85.2            9        120.0
  2720    -177.1       84.0            8        119.2
  2730    -173.0       82.8            6        121.1
  2740    -169.2       81.6            5        120.0
  2750    -166.9       80.5            4        104.6
  2760    -147.1       79.5            3         79.8
  2770    -128.4       78.8            2         62.0
  2780    -120.5       78.2            2         47.6
  2790    -120.1       77.8            1         43.3
  2800    -124.8       77.5            1         29.2
  2810    -134.5       77.2            1         18.9
  2820    -147.3       77.1            1         15.9
  2830    -156.9       76.9            0         10.3
  2840    -163.8       76.9            0          6.9
  2850    -167.6       76.8            0          7.1
  2860    -167.5       76.7            0          6.1
  2870    -165.8       76.7            0          5.8
  2880    -165.0       76.6            0          5.0
  2890    -165.8       76.6            0          4.2
  2900    -169.5       76.6            0          2.6
  2910    -100.8       76.9            0        -45.7
  2920     -52.7       77.9            1       -102.4
  2930     -50.3       79.1            3       -108.0
  2940     -82.2       80.4            4       -133.3
  2950    -124.9       81.6            5       -136.5
  2960    -163.4       82.8            6       -125.6
  2970    -179.1       84.1            8       -125.6
  2980    -161.4       85.3            9       -124.5
  2990    -130.4       86.6           10       -121.3
  3000    -107.3       87.8           11       -119.8
  3010     -97.8       89.0           13       -119.0
  3020    -102.9       90.2           14       -119.8
  3030    -118.9       91.4           15       -121.1
  3040    -134.8       92.6           16       -122.1
  3050    -141.3       93.8           17       -122.4
  3060    -138.2       95.0           19       -121.6
  3070    -128.7       96.2           20       -121.1
  3080    -118.5       97.4           21       -120.3
  3090    -113.8       98.6           22       -120.5
  3100    -115.9       99.8           23       -120.3
  3110    -119.2      101.1           25       -121.1
  3120    -122.9      102.3           26       -121.1
  3130    -123.0      103.5           27       -121.3
  3140    -120.7      104.7           28       -120.8
  3150    -118.0      105.9           29       -120.5
  3160    -115.3      107.1           31       -120.5
  3170    -114.6      108.3           32       -120.8
  3180    -114.7      109.5           33       -121.1
  3190    -114.6      110.7           34       -120.8
  3200    -113.5      111.9           35       -121.1
  3210    -112.0      113.1           37       -120.5
  3220    -109.6      114.3           38       -120.8
  3230    -108.3      115.6           39       -120.8
  3240    -108.2      116.8           40       -120.8
  3250    -108.8      118.0           42       -121.1
  3260    -109.0      119.2           43       -121.3
  3270    -108.9      120.4           44       -121.1
  3280    -107.3      121.6           45       -120.8
  3290    -104.8      122.8           46       -120.8
  3300    -102.9      124.0           48       -120.5
  3310    -101.7      125.2           49       -120.8
  3320    -101.8      126.4           50       -120.8
  3330    -102.8      127.6           51       -121.1
  3340    -103.3      128.8           52       -120.8
  3350    -102.8      130.1           54       -121.1
  3360    -101.6      131.3           55       -120.8
  3370    -100.1      132.5           56       -120.5
  3380     -98.6      133.7           57       -120.5
  3390     -98.4      134.9           58       -120.8
  3400     -97.9      136.1           60       -121.1
  3410     -96.8      137.3           61       -120.5
  3420     -95.7      138.5           62       -120.8
  3430     -94.9      139.7           63       -120.5
  3440     -93.8      140.9           64       -120.8
  3450     -93.3      142.1           66       -120.5
  3460     -92.6      143.3           67       -120.8
  3470     -92.1      144.5           68       -120.8
  3480     -91.5      145.8           69       -120.8
  3490     -89.9      147.0           71       -120.8
  3500     -88.3      148.2           72       -120.5
  3510     -86.5      149.4           73       -120.3
  3520     -85.2      150.6           74       -120.3
  3530     -84.5      151.8           75       -120.8
  3540     -83.8      153.0           77       -120.5
  3550     -82.3      154.2           78       -120.8
  3560     -81.1      155.4           79       -120.8
  3570     -79.9      156.6           80       -120.5
  3580     -78.6      157.8           81       -120.5
  3590     -77.8      159.0           83       -120.3
  3600     -76.2      160.2           84       -120.0
  3610     -74.3      161.4           85       -120.0
  3620     -72.4      162.6           86       -120.3
  3630     -69.8      163.8           87       -120.0
  3640     -66.7      165.0           89       -120.0
  3650     -63.1      166.2           90       -119.2
  3660     -61.0      167.4           91       -103.5
  3670     -73.0      168.3           92        -91.8
  3680     -86.8      169.1           93        -64.1
  3690     -92.1      169.7           93        -55.9
  3700     -84.2      170.2           94        -47.1
  3710     -70.6      170.5           94        -32.2
  3720     -56.7      170.8           94        -25.8
  3730     -51.1      171.0           95        -17.5
  3740     -54.4      171.1           95        -14.9
  3750     -61.8      171.2           95        -10.6
  3760     -68.3      171.3           95         -8.7
  3770     -71.6      171.4           95         -6.3
  3780     -68.5      171.4           95         -5.3
  3790     -64.1      171.5           95         -3.4
  3800     -62.2      171.5           95         -4.2
  3810     -69.7      171.5           95          0.2
  3820     -79.2      171.5           95          1.5
  3830     -85.4      171.5           95          2.9
  3840     -93.6      171.4           95         11.4
  3850     -99.4      171.2           95         23.9
  3860    -103.5      170.9           94         35.9
  3870    -106.2      170.5           94         48.9
  3880    -109.8      169.9           93         62.8
  3890    -114.2      169.3           93         76.9
  3900    -121.5      168.5           92         92.3
  3910    -128.7      167.5           91        107.5
  3920    -137.6      166.4           90        125.3
  3930    -139.9      165.2           89        120.5
  3940    -134.5      164.0           88        120.3
  3950    -129.9      162.8           86        121.6
  3960    -130.6      161.6           85        120.3
  3970    -139.8      160.4           84        119.8
  3980    -149.4      159.2           83        117.6
  3990    -157.8      158.0           82        117.4
  4000    -162.9      156.8           80        117.4
  4010    -163.1      155.7           79        117.9
  4020    -163.9      154.5           78        119.5
  4030    -165.0      153.3           77        118.4
  4040    -170.3      152.1           76        119.5
  4050    -175.9      150.9           74        117.9
  4060    -180.6      149.7           73        118.2
  4070    -182.1      148.5           72        117.9
  4080    -182.1      147.4           71        119.0
  4090    -181.6      146.2           70        119.8
  4100    -181.6      145.0           69        119.5
  4110    -184.8      143.8           67        120.0
  4120    -188.8      142.6           66        118.2
  4130    -193.5      141.4           65        118.7
  4140    -197.0      140.2           64        117.6
  4150    -200.1      139.0           63        119.2
  4160    -201.4      137.8           61        118.7
  4170    -203.1      136.6           60        119.5
  4180    -204.1      135.4           59        119.0
  4190    -205.0      134.2           58        119.2
  4200    -207.9      133.0           57        119.2
  4210    -208.4      131.9           55        118.2
  4220    -210.5      130.7           54        119.2
  4230    -211.9      129.5           53        119.0
  4240    -214.1      128.3           52        120.3
  4250    -215.9      127.1           51        119.2
  4260    -218.6      125.9           49        119.8
  4270    -220.8      124.7           48        118.7
  4280    -220.4      123.5           47        118.2
  4290    -221.3      122.3           46        119.0
  4300    -221.4      121.1           45        118.4
  4310    -222.2      119.9           43        120.3
  4320    -222.9      118.7           42        119.2
  4330    -223.5      117.5           41        120.0
  4340    -221.8      116.3           40        119.0
  4350    -222.2      115.1           39        120.3
  4360    -222.5      113.9           37        119.0
  4370    -222.5      112.7           36        119.8
  4380    -222.8      111.5           35        120.0
  4390    -222.8      110.3           34        120.0
  4400    -223.3      109.1           33        120.5
  4410    -221.3      107.9           31        119.8
  4420    -221.7      106.7           30        120.5
  4430    -221.8      105.5           29        118.7
  4440    -225.0      104.3           28        120.0
  4450    -228.5      103.2           27        118.7
  4460    -232.3      102.0           26        119.2
  4470    -234.5      100.8           24        119.0
  4480    -234.7       99.6           23        119.0
  4490    -233.9       98.4           22        119.5
  4500    -230.2       97.2           21        119.5
  4510    -226.0       96.0           20        120.8
  4520    -223.7       94.8           18        120.3
  4530    -222.8       93.6           17        121.3
  4540    -219.5       92.4           16        120.3
  4550    -218.5       91.1           15        121.6
  4560    -217.2       89.9           13        120.5
  4570    -213.7       88.7           12        120.8
  4580    -210.0       87.5           11        120.5
  4590    -205.3       86.3           10        120.5
  4600    -202.7       85.1            9        121.6
  4610    -201.4       83.9            7        120.5
  4620    -203.4       82.7            6        121.3
  4630    -203.7       81.5            5        119.5
  4640    -195.3       80.3            4        125.1
  4650    -169.8       79.4            3         95.3
  4660    -151.3       78.7            2         74.2
  4670    -146.6       78.1            2         56.4
  4680    -153.0       77.7            1         37.5
  4690    -168.6       77.4            1         23.4
  4700    -183.9       77.2            1         20.2
  4710    -189.3       77.1            1         13.3
  4720    -186.7       77.0            1         10.3
  4730    -180.5       76.9            0          9.3
  4740    -173.2       76.8            0          8.5
  4750    -166.8       76.7            0          7.4
  4760    -171.5       76.6            0          5.3
  4770    -183.5       76.6            0          3.7
  4780    -129.2       76.8            0        -34.3
  4790     -72.3       77.6            1       -107.2
  4800     -51.7       78.9            2       -132.3
  4810     -72.1       80.0            4       -121.1
  4820    -112.7       81.3            5       -111.2
  4830    -155.5       82.6            6       -125.3
  4840    -177.5       83.8            7       -125.6
  4850    -164.3       85.1            9       -124.8
  4860    -133.2       86.3           10       -121.6
  4870    -108.2       87.5           11       -120.0
  4880     -96.4       88.7           12       -119.2
  4890     -99.9       89.9           13       -119.8
  4900    -115.5       91.1           15       -121.1
  4910    -131.0       92.3           16       -122.1
  4920    -135.6       93.5           17       -122.4
  4930    -130.7       94.8           18       -121.6
  4940    -121.6       96.0           20       -121.1
  4950    -113.0       97.2           21       -120.0
  4960    -108.3       98.4           22       -120.3
  4970    -110.1       99.6           23       -120.5
  4980    -112.5      100.8           24       -120.8
  4990    -113.4      102.0           26       -120.8
  5000    -112.4      103.2           27       -120.8
  5010    -109.8      104.4           28       -120.5
  5020    -107.0      105.6           29       -120.3
  5030    -104.8      106.8           30       -120.5
  5040    -104.3      108.0           32       -120.8
  5050    -103.9      109.2           33       -120.8
  5060    -102.5      110.4           34       -121.1
  5070    -100.6      111.6           35       -121.1
  5080     -99.1      112.9           36       -120.8
  5090     -97.9      114.1           38       -120.5
  5100     -97.2      115.3           39       -120.8
  5110     -97.4      116.5           40       -121.1
  5120     -96.7      117.7           41       -121.1
  5130     -95.1      118.9           42       -121.1
  5140     -93.2      120.1           44       -121.1
  5150     -91.7      121.3           45       -120.8
  5160     -90.3      122.5           46       -120.8
  5170     -89.8      123.7           47       -120.5
  5180     -89.0      124.9           48       -120.8
  5190     -88.4      126.1           50       -120.8
  5200     -88.0      127.3           51       -121.1
  5210     -87.6      128.6           52       -120.8
  5220     -86.9      129.8           53       -120.8
  5230     -85.7      131.0           55       -120.8
  5240     -84.5      132.2           56       -120.5
  5250     -82.9      133.4           57       -120.8
  5260     -82.0      134.6           58       -120.8
  5270     -81.1      135.8           59       -120.8
  5280     -80.1      137.0           61       -120.8
  5290     -79.5      138.2           62       -121.1
  5300     -79.3      139.4           63       -120.8
  5310     -79.5      140.6           64       -120.8
  5320     -79.3      141.8           65       -120.5
  5330     -79.1      143.0           67       -120.8
  5340     -78.8      144.3           68       -121.1
  5350     -78.1      145.5           69       -121.1
  5360     -76.9      146.7           70       -121.1
  5370     -75.0      147.9           71       -120.8
  5380     -72.8      149.1           73       -120.5
  5390     -70.9      150.3           74       -120.3
  5400     -69.4      151.5           75       -120.3
  5410     -68.2      152.7           76       -120.0
  5420     -67.4      153.9           77       -120.0
  5430     -66.9      155.1           79       -120.0
  5440     -66.9      156.3           80       -119.8
  5450     -66.4      157.5           81       -120.0
  5460     -65.5      158.7           82       -119.8
  5470     -63.9      159.9           83       -119.8
  5480     -62.1      161.1           85       -119.5
  5490     -60.7      162.3           86       -120.0
  5500     -59.0      163.5           87       -119.8
  5510     -56.8      164.7           88       -119.8
  5520     -54.2      165.9           89       -119.2
  5530     -51.9      167.0           91       -107.0
  5540     -63.2      168.1           92       -107.0
  5550     -78.1      168.9           92        -76.4
  5560     -87.2      169.5           93        -60.1
  5570     -85.0      170.0           94        -42.0
  5580     -72.1      170.4           94        -35.4
  5590     -57.8      170.7           94        -23.6
  5600     -49.0      170.9           94        -21.2
  5610     -50.4      171.0           95        -14.9
  5620     -58.6      171.2           95        -11.7
  5630     -66.7      171.3           95         -8.7
  5640     -72.0      171.4           95         -7.7
  5650     -71.1      171.4           95         -6.6
  5660     -66.6      171.5           95         -4.5
  5670     -64.0      171.5           95         -3.7
  5680     -66.3      171.5           95         -1.3
  5690     -79.3      171.5           95          1.3
  5700     -86.5      171.5           95          2.9
  5710     -94.9      171.4           95          8.7
  5720    -101.7      171.2           95         22.0
  5730    -106.2      171.0           95         34.8
  5740    -108.6      170.5           94         49.2
  5750    -110.8      170.0           94         63.6
  5760    -114.7      169.3           93         78.5
  5770    -121.5      168.5           92         94.2
  5780    -129.0      167.5           91        108.8
  5790    -138.6      166.4           90        126.9
  5800    -140.2      165.2           89        120.3
  5810    -134.4      164.0           88        120.3
  5820    -129.9      162.8           86        121.6
  5830    -130.4      161.6           85        120.5
  5840    -139.8      160.4           84        120.0
  5850    -149.8      159.2           83        117.6
  5860    -158.8      158.0           82        117.4
  5870    -164.2      156.8           80        117.4
  5880    -164.8      155.7           79        117.9
  5890    -165.2      154.5           78        119.5
  5900    -165.2      153.3           77        118.4
  5910    -170.2      152.1           76        119.8
  5920    -175.6      150.9           74        117.9
  5930    -180.8      149.7           73        118.4
  5940    -183.6      148.5           72        117.6
  5950    -185.0      147.3           71        118.7
  5960    -185.8      146.2           70        119.0
  5970    -185.1      145.0           69        119.0
  5980    -186.0      143.8           67        119.8
  5990    -187.3      142.6           66        118.7
  6000    -190.4      141.4           65        119.0
  6010    -193.4      140.2           64        118.2
  6020    -197.4      139.0           63        119.5
  6030    -200.0      137.8           61        118.4
  6040    -202.3      136.6           60        119.5
  6050    -204.2      135.4           59        119.0
  6060    -205.7      134.2           58        119.0
  6070    -208.3      133.0           57        119.2
  6080    -209.0      131.9           55        118.2
  6090    -211.1      130.7           54        119.2
  6100    -212.6      129.5           53        118.7
  6110    -215.2      128.3           52        120.0
  6120    -217.4      127.1           51        119.0
  6130    -219.9      125.9           49        119.8
  6140    -222.2      124.7           48        118.7
  6150    -222.4      123.5           47        118.4
  6160    -223.5      122.3           46        119.0
  6170    -223.6      121.1           45        118.4
  6180    -226.2      119.9           43        120.0
  6190    -226.9      118.7           42        118.7
  6200    -228.2      117.5           41        120.0
  6210    -226.9      116.4           40        119.0
  6220    -225.2      115.2           39        120.5
  6230    -223.2      114.0           38        119.5
  6240    -219.8      112.8           36        120.3
  6250    -215.1      111.5           35        121.1
  6260    -212.1      110.3           34        121.1
  6270    -210.3      109.1           33        121.6
  6280    -209.6      107.9           31        120.5
  6290    -213.2      106.7           30        120.8
  6300    -217.9      105.5           29        118.7
  6310    -222.0      104.3           28        119.2
  6320    -224.6      103.1           27        118.7
  6330    -227.3      101.9           25        119.2
  6340    -229.3      100.7           24        119.0
  6350    -229.3       99.5           23        118.7
  6360    -229.6       98.3           22        119.5
  6370    -229.2       97.2           21        119.0
  6380    -228.8       96.0           20        120.0
  6390    -227.0       94.8           18        119.2
  6400    -226.0       93.6           17        121.1
  6410    -223.2       92.3           16        120.0
  6420    -221.6       91.1           15        121.6
  6430    -221.3       89.9           13        120.3
  6440    -221.6       88.7           12        120.3
  6450    -218.7       87.5           11        119.8
  6460    -209.4       86.3           10        120.5
  6470    -200.0       85.1            9        122.1
  6480    -195.9       83.9            7        121.9
  6490    -197.7       82.7            6        122.1
  6500    -200.7       81.5            5        120.0
  6510    -201.0       80.3            4        124.3
  6520    -183.2       79.4            3         93.1
  6530    -164.9       78.7            2         72.6
  6540    -159.9       78.2            2         55.3
  6550    -166.5       77.8            1         37.2
  6560    -179.9       77.5            1         23.6
  6570    -192.8       77.3            1         20.4
  6580    -199.7       77.1            1         13.8
  6590    -202.0       77.0            1          9.8
  6600    -200.8       76.9            0          8.5
  6610    -198.2       76.8            0          7.7
  6620    -197.2       76.7            0          6.3
  6630    -198.9       76.7            0          5.5
  6640    -202.2       76.6            0          4.7
  6650    -204.5       76.6            0          3.7
  6660    -159.1       76.7            0        -15.9
  6670     -89.5       77.5            1       -108.0
  6680     -56.8       78.6            2       -121.6
  6690     -72.5       79.8            3       -109.1
  6700    -115.7       81.1            5       -136.0
  6710    -161.5       82.4            6       -125.6
  6720    -190.7       83.6            7       -126.1
  6730    -185.4       84.9            8       -125.3
  6740    -150.1       86.1           10       -122.4
  6750    -115.3       87.3           11       -120.0
  6760     -98.0       88.5           12       -118.7
  6770     -99.4       89.7           13       -119.2
  6780    -113.1       90.9           14       -120.5
  6790    -131.0       92.1           16       -121.9
  6800    -140.9       93.3           17       -122.4
  6810    -137.9       94.5           18       -121.9
  6820    -127.9       95.8           19       -121.1
  6830    -115.1       97.0           21       -120.3
  6840    -107.5       98.2           22       -119.8
  6850    -107.9       99.4           23       -120.3
  6860    -112.0      100.6           24       -120.5
  6870    -115.3      101.8           25       -120.8
  6880    -116.5      103.0           27       -120.8
  6890    -113.9      104.2           28       -121.1
  6900    -110.8      105.4           29       -120.5
  6910    -108.6      106.6           30       -120.8
  6920    -108.8      107.8           31       -120.5
  6930    -108.9      109.0           33       -121.3
  6940    -108.9      110.2           34       -121.1
  6950    -107.4      111.4           35       -121.1
  6960    -105.4      112.7           36       -120.5
  6970    -102.9      113.9           37       -120.5
  6980    -101.6      115.1           39       -120.5
  6990    -101.4      116.3           40       -121.1
  7000    -101.8      117.5           41       -121.1
  7010    -102.2      118.7           42       -121.1
  7020    -102.0      119.9           43       -121.3
  7030    -100.1      121.1           45       -121.1
  7040     -97.5      122.3           46       -120.8
  7050     -95.2      123.5           47       -120.5
  7060     -94.2      124.7           48       -120.5
  7070     -94.4      125.9           49       -120.8
  7080     -95.7      127.1           51       -121.1
  7090     -96.4      128.4           52       -121.3
  7100     -95.9      129.6           53       -120.8
  7110     -93.4      130.8           54       -121.1
  7120     -91.1      132.0           56       -120.3
  7130     -89.0      133.2           57       -120.8
  7140     -88.1      134.4           58       -120.5
  7150     -87.6      135.6           59       -120.8
  7160     -86.8      136.8           60       -120.8
  7170     -85.2      138.0           62       -120.8
  7180     -83.3      139.2           63       -120.5
  7190     -81.8      140.4           64       -120.8
  7200     -80.7      141.6           65       -120.8
  7210     -79.3      142.8           66       -120.8
  7220     -77.7      144.0           68       -120.8
  7230     -77.0      145.3           69       -120.8
  7240     -75.7      146.5           70       -121.1
  7250     -75.0      147.7           71       -120.8
  7260     -73.9      148.9           72       -120.8
  7270     -72.7      150.1           74       -120.5
  7280     -72.0      151.3           75       -120.3
  7290     -72.0      152.5           76       -120.5
  7300     -70.8      153.7           77       -120.5
  7310     -68.7      154.9           78       -120.3
  7320     -66.4      156.1           80       -120.0
  7330     -64.1      157.3           81       -120.0
  7340     -62.4      158.5           82       -120.0
  7350     -61.7      159.7           83       -119.8
  7360     -60.9      160.9           84       -119.8
  7370     -59.4      162.1           86       -119.8
  7380     -57.9      163.3           87       -119.8
  7390     -56.0      164.5           88       -119.8
  7400     -53.4      165.7           89       -119.8
  7410     -50.6      166.8           90       -107.5
  7420     -57.5      167.9           91        -91.8
  7430     -72.7      168.8           92        -79.6
  7440     -82.6      169.4           93        -62.0
  7450     -82.0      169.9           93        -49.2
  7460     -69.3      170.4           94        -40.4
  7470     -55.5      170.6           94        -27.6
  7480     -44.7      170.9           94        -22.0
  7490     -43.5      171.0           95        -15.4
  7500     -49.9      171.2           95        -11.9
  7510     -57.4      171.3           95         -9.8
  7520     -62.8      171.3           95         -7.7
  7530     -63.2      171.4           95         -6.9
  7540     -59.5      171.5           95         -4.7
  7550     -57.0      171.5           95         -2.9
  7560     -57.4      171.5           95         -3.1
  7570     -66.6      171.5           95          0.7
  7580     -75.5      171.5           95          1.5
  7590     -80.4      171.5           95          2.1
  7600     -84.5      171.4           95          8.7
  7610     -88.1      171.3           95         19.7
  7620     -91.0      171.0           95         29.0
  7630     -94.2      170.7           94         35.4
  7640     -98.2      170.3           94         40.4
  7650    -102.9      169.7           93         50.0
  7660    -109.4      169.1           93         60.1
  7670    -115.7      168.3           92         71.3
  7680    -121.9      167.5           91         83.0
  7690    -129.0      166.4           90        107.5
  7700    -135.6      165.2           89        121.3
  7710    -132.1      164.0           88        120.3
  7720    -127.2      162.8           86        121.6
  7730    -125.4      161.6           85        120.5
  7740    -132.8      160.3           84        120.5
  7750    -142.7      159.2           83        117.9
  7760    -151.7      158.0           82        117.9
  7770    -158.8      156.8           80        117.4
  7780    -161.1      155.6           79        117.9
  7790    -161.9      154.4           78        119.0
  7800    -162.6      153.2           77        118.4
  7810    -167.2      152.1           76        119.8
  7820    -172.5      150.9           74        118.2
  7830    -177.8      149.7           73        118.4
  7840    -180.8      148.5           72        117.9
  7850    -182.2      147.3           71        118.7
  7860    -183.5      146.1           70        119.0
  7870    -184.6      144.9           68        119.0
  7880    -187.4      143.7           67        119.5
  7890    -190.1      142.6           66        118.2
  7900    -194.5      141.4           65        118.7
  7910    -198.4      140.2           64        117.6
  7920    -202.2      139.0           63        119.2
  7930    -203.8      137.8           61        118.4
  7940    -204.6      136.6           60        119.5
  7950    -205.7      135.4           59        119.0
  7960    -208.0      134.2           58        119.2
  7970    -212.5      133.0           57        119.0
  7980    -214.8      131.9           55        117.9
  7990    -217.8      130.7           54        119.0
  8000    -219.0      129.5           53        118.4
  8010    -221.4      128.3           52        119.8
  8020    -223.2      127.1           51        119.2
  8030    -225.6      125.9           49        119.8
  8040    -227.8      124.7           48        118.7
  8050    -229.3      123.5           47        118.2
  8060    -231.5      122.3           46        119.0
  8070    -232.3      121.2           45        118.2
  8080    -235.0      120.0           44        119.8
  8090    -235.8      118.8           42        118.7
  8100    -236.6      117.6           41        119.8
  8110    -237.0      116.4           40        118.7
  8120    -238.7      115.2           39        120.0
  8130    -240.4      114.0           38        118.4
  8140    -242.2      112.8           36        119.2
  8150    -244.9      111.6           35        119.2
  8160    -246.2      110.4           34        119.0
  8170    -247.5      109.2           33        120.3
  8180    -246.1      108.0           32        119.0
  8190    -246.5      106.8           30        120.3
  8200    -246.5      105.6           29        118.2
  8210    -247.7      104.4           28        119.5
  8220    -248.6      103.2           27        119.0
  8230    -249.4      102.0           26        119.5
  8240    -249.1      100.8           24        119.5
  8250    -248.1       99.7           23        119.5
  8260    -246.9       98.4           22        120.3
  8270    -242.9       97.2           21        120.0
  8280    -237.7       96.0           20        121.3
  8290    -232.3       94.8           18        120.8
  8300    -229.0       93.6           17        122.1
  8310    -225.4       92.4           16        121.3
  8320    -226.0       91.2           15        121.9
  8330    -227.5       90.0           14        120.3
  8340    -228.8       88.8           12        120.3
  8350    -230.1       87.6           11        119.2
  8360    -229.3       86.4           10        119.2
  8370    -226.6       85.2            9        120.5
  8380    -220.4       84.0            8        120.0
  8390    -216.6       82.7            6        121.6
  8400    -215.5       81.5            5        120.3
  8410    -213.2       80.4            4        104.3
  8420    -192.4       79.4            3         79.3
  8430    -172.9       78.7            2         61.2
  8440    -165.2       78.2            2         46.8
  8450    -168.3       77.7            1         42.0
  8460    -182.9       77.4            1         26.8
  8470    -198.5       77.2            1         16.5
  8480    -204.1       77.1            1         14.9
  8490    -200.1       77.0            1         12.7
  8500    -192.1       76.9            0         11.4
  8510    -184.0       76.8            0         10.3
  8520    -179.3       76.7            0          8.7
  8530    -178.3       76.6            0          6.3
  8540    -181.7       76.6            0          3.9
  8550    -168.1       76.5            0          0.0
  8560    -109.2       77.0            1        -64.4
  8570     -57.9       78.2            2       -108.8
  8580     -61.7       79.4            3       -109.1
  8590     -99.9       80.7            4       -134.9
  8600    -142.5       81.9            5       -137.3
  8610    -173.3       83.2            7       -125.6
  8620    -176.3       84.4            8       -125.3
  8630    -148.1       85.7            9       -123.2
  8640    -115.4       86.9           10       -120.5
  8650     -97.0       88.1           12       -119.2
  8660     -94.5       89.3           13       -119.0
  8670    -104.1       90.5           14       -120.5
  8680    -120.1       91.7           15       -121.3
  8690    -131.1       92.9           16       -122.1
  8700    -130.2       94.1           18       -121.9
  8710    -123.4       95.3           19       -121.1
  8720    -112.4       96.5           20       -120.5
  8730    -105.0       97.7           21       -120.0
  8740    -102.9       98.9           22       -120.3
  8750    -105.0      100.1           24       -120.3
  8760    -105.8      101.4           25       -120.8
  8770    -105.9      102.6           26       -120.5
  8780    -104.8      103.8           27       -121.1
  8790    -103.3      105.0           29       -120.5
  8800    -101.8      106.2           30       -120.8
  8810    -101.2      107.4           31       -120.8
  8820    -101.3      108.6           32       -121.1
  8830    -100.8      109.8           33       -121.1
  8840     -98.7      111.0           35       -121.1
  8850     -95.5      112.2           36       -120.8
  8860     -93.4      113.4           37       -120.5
  8870     -93.3      114.6           38       -120.5
  8880     -94.6      115.8           39       -120.8
  8890     -94.8      117.1           41       -121.1
  8900     -93.2      118.3           42       -120.8
  8910     -90.6      119.5           43       -120.8
  8920     -88.0      120.7           44       -120.8
  8930     -86.6      121.9           45       -120.8
  8940     -85.4      123.1           47       -120.8
  8950     -84.8      124.3           48       -120.5
  8960     -83.8      125.5           49       -121.1
  8970     -84.6      126.7           50       -120.8
  8980     -85.7      127.9           51       -121.1
  8990     -86.1      129.1           53       -120.8
  9000     -85.0      130.3           54       -121.3
  9010     -84.1      131.5           55       -120.5
  9020     -82.4      132.8           56       -120.8
  9030     -80.7      134.0           58       -120.5
  9040     -79.5      135.2           59       -120.8
  9050     -78.9      136.4           60       -120.8
  9060     -78.4      137.6           61       -121.1
  9070     -78.0      138.8           62       -121.1
  9080     -77.7      140.0           64       -121.1
  9090     -76.9      141.2           65       -121.1
  9100     -75.9      142.4           66       -120.8
  9110     -75.8      143.6           67       -120.8
  9120     -75.1      144.8           68       -121.1
  9130     -73.9      146.0           70       -121.1
  9140     -73.2      147.3           71       -121.1
  9150     -73.2      148.5           72       -120.8
  9160     -72.5      149.7           73       -120.8
  9170     -71.6      150.9           74       -120.5
  9180     -71.1      152.1           76       -120.8
  9190     -70.4      153.3           77       -120.5
  9200     -69.3      154.5           78       -120.5
  9210     -68.5      155.7           79       -120.3
  9220     -67.0      156.9           80       -120.3
  9230     -65.0      158.1           82       -120.0
  9240     -62.9      159.3           83       -119.8
  9250     -61.2      160.5           84       -119.8
  9260     -59.8      161.7           85       -119.8
  9270     -59.1      162.9           86       -120.0
  9280     -57.6      164.1           88       -119.8
  9290     -55.2      165.3           89       -119.8
  9300     -52.5      166.5           90       -119.5
  9310     -54.1      167.6           91       -111.5
  9320     -69.3      168.5           92        -95.3
  9330     -80.3      169.2           93        -67.8
  9340     -83.3      169.8           93        -53.2
  9350     -74.0      170.2           94        -36.2
  9360     -59.7      170.5           94        -30.3
  9370     -47.1      170.8           94        -19.9
  9380     -42.2      171.0           95        -16.5
  9390     -45.8      171.1           95        -11.4
  9400     -52.7      171.2           95        -10.1
  9410     -59.4      171.3           95         -9.0
  9420     -62.2      171.4           95         -6.6
  9430     -60.1      171.4           95         -5.5
  9440     -57.6      171.5           95         -3.7
  9450     -57.2      171.5           95         -3.1
  9460     -60.3      171.5           95         -3.1
  9470     -72.3      171.5           95          1.3
  9480     -76.9      171.5           95          1.8
  9490     -80.4      171.5           95          4.5
  9500     -84.1      171.4           95         11.4
  9510     -88.1      171.2           95         17.8
  9520     -91.9      171.0           95         25.5
